%YAML:1.0
---
camera_matrix: !!opencv-matrix
   rows: 3
   cols: 3
   dt: d
   data: [ 1.7109072441315541e+03, 0., 3.1639671692307337e+02, 0.,
       1.9460202049179893e+03, 2.2277463199976194e+02, 0., 0., 1. ]
dist_coeffs: !!opencv-matrix
   rows: 1
   cols: 5
   dt: d
   data: [ 5.4169770535087192e-01, 7.0575897945541612e+01,
       -6.6934481132362054e-03, 5.3131314939215059e-02,
       -2.0590998364304664e+03 ]
