%YAML:1.0
---
camera_matrix: !!opencv-matrix
   rows: 3
   cols: 3
   dt: d
   data: [ 5.0357333343165453e+02, 0., 2.7961522811636394e+02, 0.,
       4.9604158332449794e+02, 2.3593334792070675e+02, 0., 0., 1. ]
dist_coeffs: !!opencv-matrix
   rows: 1
   cols: 5
   dt: d
   data: [ 3.7310515859518237e-02, 1.2869539192857242e+00,
       -1.0892823609847020e-03, 1.3952391451056315e-02,
       -7.6566255788403792e+00 ]
