%YAML:1.0
---
camera_matrix: !!opencv-matrix
   rows: 3
   cols: 3
   dt: d
   data: [ 3.2266544270695135e+02, 0., 2.7966733273164238e+02, 0.,
       3.2877402148686014e+02, 2.7362457021730950e+02, 0., 0., 1. ]
dist_coeffs: !!opencv-matrix
   rows: 1
   cols: 5
   dt: d
   data: [ 1.7980997736083911e-02, 8.2108032473697398e-02,
       1.1711155269024534e-03, 9.1256898663393503e-03,
       -9.4152563843908937e-02 ]
